89.6666666666667
90.1111111111111
89.5555555555556
89.6666666666667
89.7777777777778
89.8888888888889
89.7777777777778
89.1111111111111
89.6666666666667
90
89.7777777777778
89.5555555555555
89.6666666666667
89.7777777777778
90.1111111111111
89.7777777777778
89.3333333333333
90.3333333333333
89.7777777777778
89.8888888888889
89.4444444444444
89.4444444444445
89.6666666666667
89.7777777777778
89.5555555555556
89.8888888888889
90.5555555555556
89.7777777777778
90
90.2222222222222
89.6666666666667
89.7777777777778
90.1111111111111
90.2222222222222
89.5555555555556
89.7777777777778
89.7777777777778
89.6666666666667
90.2222222222222
89.6666666666667
89.6666666666667
89.8888888888889
90.1111111111111
89.6666666666667
89.4444444444445
89.8888888888889
89.3333333333333
90.1111111111111
90
89.8888888888889
89.7777777777778
89.3333333333333
89.8888888888889
90
90.2222222222222
90.1111111111111
89.6666666666667
90.2222222222222
89.5555555555556
89.6666666666667
89.7777777777778
89.4444444444444
89.6666666666667
89.7777777777778
89.5555555555556
89.7777777777778
89.4444444444445
90.1111111111111
89.2222222222222
90.1111111111111
89.7777777777778
90.1111111111111
90
89.7777777777778
90.1111111111111
90.1111111111111
90.7777777777778
89.7777777777778
89.7777777777778
90.1111111111111
89.8888888888889
89.3333333333333
89.2222222222222
89.3333333333333
89.2222222222222
89.6666666666667
89.3333333333333
89.8888888888889
90.4444444444444
90.1111111111111
90.5555555555556
89.6666666666667
89.5555555555555
89.6666666666667
89.1111111111111
88.6666666666667
89.4444444444444
89.3333333333333
89.3333333333333
90
90.2222222222222
90.6666666666667
90
90
89.8888888888889
89.8888888888889
89
89.4444444444445
89.3333333333333
89.5555555555556
90.5555555555556
89.5555555555556
90.4444444444445
90.3333333333333
90.1111111111111
90
89.6666666666667
89.7777777777778
89.3333333333333
89
89.1111111111111
89.7777777777778
89.7777777777778
89.3333333333333
89.2222222222222
89.7777777777778
90.5555555555555
90.1111111111111
90.2222222222222
89.5555555555556
89.4444444444444
89.1111111111111
88.7777777777778
89.3333333333333
89.6666666666667
89.5555555555556
89.6666666666667
90.1111111111111
89.4444444444445
90.3333333333333
89.2222222222222
89
89.7777777777778
89.5555555555556
89.2222222222222
89.6666666666667
90
90.5555555555556
90.3333333333333
90.2222222222222
89.7777777777778
89.2222222222222
89.8888888888889
89.3333333333333
89.5555555555555
89.4444444444444
89.4444444444444
89.2222222222222
90.1111111111111
89.7777777777778
90
89.5555555555556
89.6666666666667
89.8888888888889
90.1111111111111
90.1111111111111
89.8888888888889
89.7777777777778
89.6666666666667
89.5555555555555
90.1111111111111
90
89.3333333333333
89.7777777777778
89.4444444444444
89.8888888888889
90.3333333333333
90.1111111111111
90.1111111111111
89.6666666666667
89.8888888888889
89.5555555555555
89.8888888888889
89
89.6666666666667
89.6666666666667
90.5555555555555
90.1111111111111
90
90.4444444444445
89.5555555555556
89.4444444444444
88.8888888888889
88.5555555555555
88.6666666666667
90
89.8888888888889
89.7777777777778
90.4444444444445
90.2222222222222
90.8888888888889
89.7777777777778
89.5555555555556
89
88.4444444444444
88.5555555555556
89
89.5555555555556
90.2222222222222
90.3333333333333
91.4444444444444
91.3333333333333
91
90.1111111111111
88.5555555555556
88.2222222222222
87.3333333333333
88.3333333333333
89
89.7777777777778
91.3333333333333
92.8888888888889
92
91.3333333333333
89.7777777777778
88.8888888888889
88.5555555555556
86.5555555555555
86.6666666666667
87.1111111111111
88.5555555555556
91.4444444444444
93
93
93.2222222222222
91.4444444444444
90.5555555555556
88.4444444444444
86.6666666666667
85.5555555555555
86.3333333333333
89
90.6666666666667
92.8888888888889
94.3333333333333
94.7777777777778
93.8888888888889
90.7777777777778
88.1111111111111
84.4444444444444
84
84.3333333333333
85.8888888888889
88.7777777777778
92
95.3333333333333
96.6666666666667
95
93.2222222222222
89.5555555555556
86.4444444444444
82.4444444444444
82.3333333333333
85.1111111111111
89.6666666666667
93
96.4444444444445
98.3333333333333
98.4444444444444
96
89.8888888888889
83.8888888888889
80.8888888888889
81
82.2222222222222
86
91.6666666666667
97.2222222222222
100.333333333333
98.7777777777778
94.4444444444445
89.3333333333333
83.6666666666667
80
77.7777777777778
80.7777777777778
87.2222222222222
94.2222222222222
99.6666666666667
102
101.888888888889
98.5555555555556
91.3333333333333
84.2222222222222
77.5555555555556
76
77.7777777777778
82.6666666666667
89
97.1111111111111
103.555555555556
103.888888888889
100.888888888889
95.5555555555556
89.6666666666667
83.7777777777778
78.5555555555556
74
75.4444444444444
81.7777777777778
90.2222222222222
97.7777777777778
103
106.444444444444
106.333333333333
101.222222222222
90.3333333333333
79.2222222222222
72.6666666666667
72.5555555555556
74.2222222222222
80.1111111111111
87.6666666666667
97.7777777777778
106.333333333333
108.777777777778
103.111111111111
95.1111111111111
86.5555555555556
78.5555555555555
72.4444444444444
70.5555555555556
75.1111111111111
87.3333333333333
99.4444444444444
107.111111111111
110.666666666667
109.111111111111
103
91.1111111111111
77.3333333333333
69.8888888888889
68.6666666666667
72.6666666666667
80.4444444444444
90.3333333333333
101.444444444444
110.333333333333
111.111111111111
102.555555555556
92
82.8888888888889
75.2222222222222
70.5555555555556
67
68.7777777777778
80.3333333333333
97
109.111111111111
113.444444444444
111.555555555556
106.111111111111
113.444444444444
82.7777777777778
71.1111111111111
65.5555555555556
67.7777777777778
75.1111111111111
83.5555555555556
94.8888888888889
106.888888888889
114.333333333333
112.555555555556
103
91.8888888888889
82.3333333333333
74.3333333333333
67.1111111111111
64.6666666666667
71.7777777777778
86.3333333333333
101.666666666667
112.555555555556
115.777777777778
114.444444444444
107.777777777778
95.4444444444445
79.7777777777778
68.3333333333333
64.1111111111111
68.2222222222222
77.7777777777778
88.2222222222222
100.444444444444
111.222222222222
116.333333333333
113.666666666667
102.333333333333
88.8888888888889
75.7777777777778
66
64.1111111111111
70.8888888888889
80.2222222222222
91.4444444444444
102.666666666667
110.777777777778
115.888888888889
113.666666666667
103.555555555556
88.3333333333333
75.2222222222222
66
101.666666666667
91.1111111111111
80.8888888888889
71.8888888888889
64.6666666666667
65.3333333333333
74.5555555555555
88.6666666666667
101.444444444444
109.888888888889
114.222222222222
114.333333333333
107.111111111111
93.6666666666667
80.3333333333333
69.2222222222222
64.2222222222222
65.7777777777778
72
84.2222222222222
99.4444444444445
111.222222222222
114.111111111111
108.666666666667
101.777777777778
92.6666666666667
81.7777777777778
71.2222222222222
66.5555555555555
69.5555555555556
81.6666666666667
94.4444444444445
103.666666666667
109.555555555556
113.444444444444
111.222222222222
104.888888888889
93.7777777777778
80.3333333333333
71
67.7777777777778
69.2222222222222
75.1111111111111
84.7777777777778
96.3333333333333
106.333333333333
110.666666666667
110.333333333333
105.666666666667
98.1111111111111
89.2222222222222
78.1111111111111
70.7777777777778
70.4444444444444
76.4444444444445
84
92.1111111111111
99
105.444444444444
108.333333333333
106.555555555556
96.6666666666667
85
77.1111111111111
72.6666666666667
71.1111111111111
74.4444444444445
81.4444444444444
91.5555555555556
100.444444444444
105.666666666667
106.666666666667
104.555555555556
98.8888888888889
90.2222222222222
82
75.2222222222222
74.4444444444445
77.2222222222222
82.6666666666667
91
97.5555555555556
102.777777777778
104.555555555556
102.888888888889
97.7777777777778
91
84.5555555555556
79
76.6666666666667
78.4444444444444
83.7777777777778
90.7777777777778
96.8888888888889
100.333333333333
102.333333333333
100.666666666667
98.2222222222222
93.2222222222222
87.5555555555556
82.5555555555556
79.8888888888889
79.3333333333333
82.8888888888889
86.7777777777778
91.8888888888889
96.3333333333333
99.3333333333333
99.5555555555555
97.7777777777778
94.3333333333333
90.4444444444444
87.3333333333333
83.5555555555556
81.5555555555556
82.4444444444445
85.7777777777778
90
93.5555555555556
95
96.3333333333333
97
94.6666666666667
91.2222222222222
87.4444444444445
84.7777777777778
83.8888888888889
84
85.1111111111111
88.2222222222222
91.4444444444445
94.4444444444444
95
94.6666666666667
94.1111111111111
93.2222222222222
91.1111111111111
88.1111111111111
86.4444444444444
86.2222222222222
86.4444444444444
87.7777777777778
88.8888888888889
90.7777777777778
92.2222222222222
93.8888888888889
93.2222222222222
92.4444444444444
90.8888888888889
89.2222222222222
88.1111111111111
87.5555555555556
86.7777777777778
87.3333333333333
88
89.7777777777778
91
91.8888888888889
92.6666666666667
93
91.7777777777778
91.3333333333333
90.5555555555555
89.3333333333333
87.8888888888889
87.7777777777778
87.2222222222222
87.2222222222222
89.1111111111111
89.8888888888889
91.2222222222222
91.5555555555556
92.3333333333333
92.1111111111111
91.4444444444444
90.6666666666667
89.6666666666667
88.6666666666667
87.8888888888889
87.3333333333333
88.1111111111111
88.8888888888889
89.3333333333333
90.4444444444444
91
92.1111111111111
92.2222222222222
91.1111111111111
90.7777777777778
89.7777777777778
89
88.1111111111111
87.8888888888889
88.4444444444444
89
89.4444444444445
90.2222222222222
91.4444444444445
91.4444444444444
91.8888888888889
91.4444444444444
90.6666666666667
89.7777777777778
88.8888888888889
88.2222222222222
88.5555555555555
88.5555555555555
89.2222222222222
90
90.7777777777778
91.3333333333333
91.8888888888889
91.2222222222222
90.7777777777778
90.1111111111111
89.6666666666667
88.8888888888889
88.4444444444444
88.8888888888889
89.5555555555555
90.3333333333333
90.3333333333333
90.8888888888889
91.3333333333333
91
90.5555555555556
90.1111111111111
89.4444444444444
89.3333333333333
89.4444444444445
89.4444444444444
89.6666666666667
90.2222222222222
90.6666666666667
91
90.4444444444444
90.8888888888889
90.8888888888889
90.1111111111111
89.5555555555555
89.3333333333333
89.3333333333333
89.2222222222222
90.3333333333333
90.2222222222222
90.1111111111111
90.7777777777778
90.6666666666667
90.3333333333333
90.6666666666667
89.7777777777778
89.7777777777778
89.7777777777778
88.7777777777778
89.3333333333333
90.3333333333333
90.1111111111111
90.3333333333333
91
90.6666666666667
91
90.1111111111111
89.2222222222222
89.6666666666667
88.7777777777778
89.4444444444444
90
90.1111111111111
90.3333333333333
90.6666666666667
90.5555555555555
90.8888888888889
90.8888888888889
90.2222222222222
89.6666666666667
89.5555555555555
89.4444444444444
89.3333333333333
89.5555555555556
89.7777777777778
90.6666666666667
90.3333333333333
90.5555555555556
90.8888888888889
91
91
90.8888888888889
90.1111111111111
89.5555555555555
89.4444444444445
89.7777777777778
89.4444444444445
89.7777777777778
90.6666666666667
90.5555555555555
90.5555555555556
90.4444444444444
90.5555555555556
91
89.8888888888889
89.4444444444444
89.2222222222222
89.5555555555556
89.4444444444444
90.1111111111111
90.6666666666667
90.6666666666667
90.5555555555556
90.7777777777778
91.1111111111111
90.3333333333333
90.3333333333333
89.2222222222222
89.2222222222222
90
89.8888888888889
90.1111111111111
89.8888888888889
90
90.5555555555555
90.4444444444445
90.3333333333333
90.6666666666667
89.7777777777778
89.5555555555555
89.7777777777778
89.7777777777778
90.3333333333333
90.2222222222222
89.8888888888889
90.1111111111111
90
90.6666666666667
90.6666666666667
90.8888888888889
90.2222222222222
89.4444444444444
89.8888888888889
89.8888888888889
89.6666666666667
90.3333333333333
90.4444444444444
90.3333333333333
89.4444444444444
89.5555555555556
89.7777777777778
89.6666666666667
89.7777777777778
89.8888888888889
89.6666666666667
89.8888888888889
89.6666666666667
89.4444444444444
89.8888888888889
89.6666666666667
89.3333333333333
89.6666666666667
89.2222222222222
89.7777777777778
89.7777777777778
89.3333333333333
89.7777777777778
89.6666666666667
89.7777777777778
89.5555555555556
90.5555555555556
90.2222222222222
89.8888888888889
90.1111111111111
89.7777777777778
89.7777777777778
90
89.3333333333333
90.1111111111111
89.5555555555555
90
89.8888888888889
89.8888888888889
90
90.1111111111111
89.6666666666667
89.3333333333333
89.7777777777778
89.5555555555556
89.6666666666667
90
89.5555555555556
89.5555555555556
90.5555555555555
90.1111111111111
89.7777777777778
89.5555555555556
89.8888888888889
89.8888888888889
89.5555555555556
89.4444444444444
89.7777777777778
89.6666666666667
89.8888888888889
89.7777777777778
89.5555555555556
89.4444444444444
90
90
89.8888888888889
89.7777777777778
89.4444444444444
89.4444444444444
89.2222222222222
89.3333333333333
89.2222222222222
89.5555555555556
89.1111111111111
89.4444444444444
90.1111111111111
89
90.2222222222222
89.3333333333333
90.2222222222222
89.2222222222222
89.4444444444444
89.5555555555555
89.6666666666667
89.7777777777778
90
89.3333333333333
89.8888888888889
89.6666666666667
89.8888888888889
89.6666666666667
89.5555555555555
89.7777777777778
89.8888888888889
89.6666666666667
89.8888888888889
89.7777777777778
89.7777777777778
89.8888888888889
90.1111111111111
89.2222222222222
89.8888888888889
90
90.3333333333333
90
90.2222222222222
89.6666666666667
89.3333333333333
89.7777777777778
89.8888888888889
90
89.6666666666667
90
89.4444444444444
89.4444444444444
89.3333333333333
90.7777777777778
90.3333333333333
90.4444444444445
89.8888888888889
90
89.6666666666667
89.4444444444444
90
89.4444444444445
89.8888888888889
90.3333333333333
90.2222222222222
90.1111111111111
90.4444444444445
90.3333333333333
90.5555555555556
90.1111111111111
89.7777777777778
89.5555555555556
89.5555555555556
90.1111111111111
90.2222222222222
90.7777777777778
90.5555555555556
90.5555555555556
90.7777777777778
90.3333333333333
90.3333333333333
89.1111111111111
89.2222222222222
89.6666666666667
89.6666666666667
90
90.2222222222222
90.3333333333333
90.5555555555556
91
90.4444444444444
90.4444444444444
89.6666666666667
89.6666666666667
89.8888888888889
89.3333333333333
89.1111111111111
89.4444444444445
90
90.1111111111111
90.6666666666667
90.7777777777778
90.3333333333333
90.4444444444444
89.8888888888889
89.4444444444445
89.8888888888889
88.5555555555556
89
89.6666666666667
89.4444444444445
90.7777777777778
90.6666666666667
90.3333333333333
90.4444444444444
90.2222222222222
90.4444444444444
89.5555555555555
89.7777777777778
89.7777777777778
89
89.1111111111111
89.4444444444444
90.1111111111111
90.6666666666667
90.5555555555555
91.3333333333333
90.8888888888889
90
90.1111111111111
90.2222222222222
89.3333333333333
89.7777777777778
89.7777777777778
89.5555555555556
90.5555555555555
91
90.2222222222222
91
90.2222222222222
90.5555555555556
90.2222222222222
89.7777777777778
90
89.5555555555555
89.8888888888889
89.6666666666667
89.6666666666667
90.5555555555556
91.2222222222222
90.5555555555555
90.1111111111111
90.1111111111111
89.7777777777778
88.8888888888889
89.5555555555556
89.3333333333333
90
90
90.3333333333333
91.1111111111111
90.8888888888889
91.3333333333333
90.4444444444444
90.3333333333333
90.1111111111111
88.6666666666667
88.7777777777778
88.8888888888889
89.3333333333333
89.3333333333333
89.8888888888889
90.8888888888889
91.2222222222222
91.2222222222222
90.8888888888889
91
89.6666666666667
89
89.1111111111111
88.5555555555556
88.4444444444445
88.7777777777778
89.2222222222222
