147.644628 
147.685950 
147.884298 
147.462810 
147.314050 
147.735537 
147.735537 
148.190083 
147.950413 
147.991736 
147.074380 
146.760331 
146.851240 
147.578512 
147.611570 
147.231405 
147.280992 
147.545455 
147.446281 
148.024793 
147.471074 
147.338843 
146.504132 
146.983471 
146.834711 
146.966942 
146.859504 
146.471074 
146.768595 
147.206612 
146.892562 
147.074380 
147.049587 
147.206612 
147.099174 
147.727273 
147.082645 
148.471074 
147.975207 
148.611570 
148.198347 
148.173554 
147.123967 
147.404959 
147.818182 
148.107438 
148.289256 
148.404959 
148.247934 
148.231405 
147.776860 
147.991736 
149.157025 
149.140496 
149.157025 
147.884298 
148.495868 
148.016529 
148.024793 
148.123967 
148.033058 
147.933884 
147.413223 
147.661157 
148.082645 
147.809917 
147.743802 
147.867769 
148.586777 
148.619835 
148.950413 
149.520661 
149.619835 
150.214876 
149.024793 
149.041322 
149.297521 
150.471074 
150.421488 
149.900826 
150.214876 
150.495868 
149.603306 
149.057851 
149.033058 
149.330579 
149.338843 
150.041322 
149.033058 
149.380165 
149.909091 
150.421488 
150.446281 
150.388430 
150.561983 
149.991736 
149.884298 
149.041322 
149.016529 
149.173554 
149.206612 
149.190083 
149.256198 
148.338843 
148.487603 
149.446281 
148.909091 
146.900826 
147.322314 
149.793388 
148.603306 
147.223140 
147.743802 
149.942149 
149.322314 
148.380165 
149.272727 
149.066116 
149.603306 
149.438017 
149.495868 
149.586777 
149.694215 
149.702479 
149.925620 
150.256198 
150.561983 
150.082645 
150.619835 
150.553719 
152.603306 
151.504132 
150.363636 
149.305785 
150.115702 
152.528926 
151.446281 
148.685950 
148.471074 
152.198347 
154.132231 
150.115702 
147.157025 
152.280992 
156.198347 
152.322314 
148.008264 
150.413223 
155.247934 
152.000000 
148.355372 
150.512397 
152.710744 
151.479339 
150.396694 
151.198347 
151.157025 
150.991736 
150.619835 
150.520661 
151.057851 
151.479339 
151.289256 
150.727273 
150.677686 
151.363636 
151.859504 
151.950413 
150.917355 
150.818182 
152.743802 
153.016529 
151.495868 
150.462810 
152.181818 
153.413223 
151.669421 
149.314050 
151.561983 
155.049587 
153.066116 
148.652893 
151.305785 
155.975207 
155.033058 
150.446281 
151.768595 
155.495868 
156.264463 
153.264463 
151.925620 
153.628099 
155.049587 
154.652893 
152.702479 
152.917355 
153.132231 
153.223140 
152.727273 
152.454545 
153.239669 
153.214876 
153.264463 
153.520661 
153.429752 
153.809917 
153.983471 
153.991736 
153.793388 
153.743802 
153.479339 
152.429752 
152.578512 
152.644628 
153.082645 
152.702479 
153.380165 
153.528926 
153.330579 
153.628099 
153.917355 
153.132231 
153.628099 
153.239669 
153.413223 
152.942149 
153.165289 
153.768595 
153.570248 
153.619835 
153.801653 
153.553719 
153.280992 
153.140496 
153.123967 
153.727273 
153.603306 
153.173554 
152.471074 
152.793388 
152.710744 
152.644628 
153.157025 
153.206612 
152.933884 
152.776860 
152.892562 
152.867769 
151.851240 
151.528926 
151.685950 
152.148760 
152.454545 
152.090909 
151.603306 
151.743802 
152.148760 
151.917355 
151.826446 
150.884298 
150.785124 
150.421488 
150.289256 
150.322314 
150.198347 
151.289256 
151.000000 
151.760331 
151.057851 
151.057851 
151.165289 
151.206612 
151.719008 
151.008264 
151.512397 
151.545455 
151.628099 
151.272727 
151.917355 
151.181818 
151.396694 
150.752066 
150.570248 
150.041322 
149.338843 
150.008264 
149.090909 
149.057851 
148.603306 
148.677686 
148.644628 
148.537190 
148.685950 
148.512397 
149.471074 
150.223140 
150.363636 
150.231405 
150.768595 
150.867769 
149.719008 
149.958678 
149.338843 
149.355372 
149.512397 
149.099174 
148.652893 
148.454545 
147.909091 
148.024793 
147.900826 
147.628099 
147.595041 
147.735537 
148.446281 
148.685950 
148.619835 
149.570248 
149.115702 
149.107438 
149.380165 
148.859504 
149.066116 
148.809917 
148.595041 
148.446281 
148.479339 
148.181818 
148.917355 
148.611570 
148.595041 
148.752066 
148.090909 
148.553719 
148.462810 
147.809917 
148.057851 
147.884298 
147.537190 
147.247934 
147.652893 
147.057851 
147.082645 
147.727273 
147.297521 
147.338843 
148.024793 
147.280992 
146.768595 
147.256198 
147.760331 
147.280992 
147.710744 
147.909091 
147.884298 
148.231405 
147.702479 
147.570248 
147.983471 
147.652893 
147.909091 
147.537190 
147.115702 
147.272727 
147.239669 
147.380165 
147.942149 
147.545455 
148.123967 
148.099174 
148.380165 
147.925620 
148.157025 
148.239669 
148.099174 
147.909091 
148.289256 
148.280992 
148.090909 
148.396694 
148.487603 
148.685950 
148.371901 
147.917355 
148.628099 
149.239669 
149.033058 
148.272727 
149.950413 
151.090909 
151.396694 
150.677686 
150.404959 
151.090909 
151.991736 
151.438017 
150.942149 
150.471074 
151.214876 
151.628099 
151.446281 
151.322314 
150.247934 
151.206612 
150.966942 
151.305785 
150.380165 
149.528926 
150.239669 
150.719008 
150.512397 
149.512397 
149.884298 
149.958678 
150.487603 
149.818182 
149.173554 
149.264463 
149.892562 
149.661157 
150.008264 
149.388430 
149.074380 
150.264463 
149.603306 
149.809917 
150.041322 
150.148760 
150.677686 
150.256198 
151.115702 
150.867769 
150.495868 
150.305785 
149.644628 
150.942149 
151.239669 
150.950413 
150.793388 
150.719008 
150.628099 
150.925620 
150.099174 
150.876033 
150.636364 
150.462810 
149.719008 
150.181818 
150.214876 
150.528926 
150.702479 
151.347107 
150.942149 
150.099174 
149.752066 
150.247934 
149.545455 
148.454545 
148.272727 
147.628099 
147.586777 
148.206612 
147.876033 
148.272727 
148.776860 
148.925620 
148.628099 
148.859504 
149.115702 
148.917355 
148.768595 
148.619835 
148.636364 
148.694215 
148.239669 
148.818182 
148.793388 
148.322314 
148.305785 
148.561983 
147.834711 
148.173554 
148.099174 
148.347107 
147.933884 
148.107438 
148.239669 
148.619835 
149.487603 
148.619835 
148.727273 
148.297521 
147.958678 
147.504132 
147.396694 
147.214876 
147.181818 
146.404959 
147.132231 
146.231405 
